
=== NUOVO INSERIMENTO ===

Array con linspace:
[ 0.          0.20408163  0.40816327  0.6122449   0.81632653  1.02040816
  1.2244898   1.42857143  1.63265306  1.83673469  2.04081633  2.24489796
  2.44897959  2.65306122  2.85714286  3.06122449  3.26530612  3.46938776
  3.67346939  3.87755102  4.08163265  4.28571429  4.48979592  4.69387755
  4.89795918  5.10204082  5.30612245  5.51020408  5.71428571  5.91836735
  6.12244898  6.32653061  6.53061224  6.73469388  6.93877551  7.14285714
  7.34693878  7.55102041  7.75510204  7.95918367  8.16326531  8.36734694
  8.57142857  8.7755102   8.97959184  9.18367347  9.3877551   9.59183673
  9.79591837 10.        ]

Array generato casualmente:
[0.36279594 0.24279497 0.4643416  0.35756759 0.33142873 0.98622556
 0.5347512  0.27992172 0.08366357 0.11907189 0.19101674 0.85389177
 0.4869455  0.65071546 0.77542652 0.68274915 0.59307868 0.0446577
 0.25710214 0.208606   0.3311609  0.32842676 0.97132222 0.7627097
 0.74752572 0.72329834 0.73921201 0.73520537 0.844427   0.11819681
 0.78797739 0.58961303 0.24059662 0.63412024 0.94850624 0.38965162
 0.62877243 0.20808846 0.73116923 0.91940882 0.83617432 0.92076059
 0.91317933 0.29293514 0.83517184 0.08568866 0.19788055 0.34033946
 0.45731093 0.18414936]

Array somma:
[ 0.36279594  0.4468766   0.87250487  0.96981248  1.14775526  2.00663372
  1.75924099  1.70849315  1.71631663  1.95580659  2.23183307  3.09878973
  2.9359251   3.30377669  3.63256938  3.74397364  3.8583848   3.51404546
  3.93057153  4.08615702  4.41279356  4.61414104  5.46111814  5.45658725
  5.6454849   5.82533916  6.04533446  6.24540945  6.55871271  6.03656415
  6.91042637  6.91614364  6.77120886  7.36881411  7.88728175  7.53250876
  7.97571121  7.75910886  8.48627127  8.8785925   8.99943963  9.28810753
  9.4846079   9.06844534  9.81476368  9.26936213  9.58563565  9.93217619
 10.2532293  10.18414936]

Somma degli elementi dell'array totale: 275.94973150668244

Array con elementi maggiori di 5:
[ 5.46111814  5.45658725  5.6454849   5.82533916  6.04533446  6.24540945
  6.55871271  6.03656415  6.91042637  6.91614364  6.77120886  7.36881411
  7.88728175  7.53250876  7.97571121  7.75910886  8.48627127  8.8785925
  8.99943963  9.28810753  9.4846079   9.06844534  9.81476368  9.26936213
  9.58563565  9.93217619 10.2532293  10.18414936]

Somma degli elementi maggiori di 5: 219.6405342650454

=== NUOVO INSERIMENTO ===

Array con linspace:
[ 0.          0.20408163  0.40816327  0.6122449   0.81632653  1.02040816
  1.2244898   1.42857143  1.63265306  1.83673469  2.04081633  2.24489796
  2.44897959  2.65306122  2.85714286  3.06122449  3.26530612  3.46938776
  3.67346939  3.87755102  4.08163265  4.28571429  4.48979592  4.69387755
  4.89795918  5.10204082  5.30612245  5.51020408  5.71428571  5.91836735
  6.12244898  6.32653061  6.53061224  6.73469388  6.93877551  7.14285714
  7.34693878  7.55102041  7.75510204  7.95918367  8.16326531  8.36734694
  8.57142857  8.7755102   8.97959184  9.18367347  9.3877551   9.59183673
  9.79591837 10.        ]

Array generato casualmente:
[0.37244452 0.0631261  0.49196789 0.7194092  0.47828906 0.30891823
 0.80200709 0.82144115 0.50129794 0.88931459 0.63797511 0.05721338
 0.79754983 0.10033599 0.59467811 0.82251066 0.7901049  0.9260536
 0.24125617 0.7308403  0.21824802 0.00779347 0.60489663 0.08608788
 0.94946728 0.76411556 0.16889117 0.20504243 0.91115294 0.3647302
 0.9263421  0.79457326 0.37359604 0.633077   0.80936822 0.29600303
 0.81712873 0.22721337 0.05517202 0.5456115  0.69077006 0.18699215
 0.71871746 0.36223115 0.40736524 0.80984247 0.51334078 0.61357577
 0.75242004 0.30766054]

Array somma:
[ 0.37244452  0.26720773  0.90013115  1.33165409  1.29461559  1.32932639
  2.02649689  2.25001257  2.133951    2.72604929  2.67879144  2.30211134
  3.24652942  2.75339721  3.45182097  3.88373515  4.05541102  4.39544135
  3.91472556  4.60839132  4.29988068  4.29350776  5.09469255  4.77996543
  5.84742646  5.86615638  5.47501362  5.71524651  6.62543866  6.28309755
  7.04879108  7.12110387  6.90420828  7.36777088  7.74814373  7.43886018
  8.1640675   7.77823378  7.81027406  8.50479517  8.85403536  8.55433909
  9.29014603  9.13774135  9.38695707  9.99351594  9.90109588 10.20541251
 10.5483384  10.30766054]

Somma degli elementi dell'array totale: 276.26816033827106

Array con elementi maggiori di 5:
[ 5.09469255  5.84742646  5.86615638  5.47501362  5.71524651  6.62543866
  6.28309755  7.04879108  7.12110387  6.90420828  7.36777088  7.74814373
  7.43886018  8.1640675   7.77823378  7.81027406  8.50479517  8.85403536
  8.55433909  9.29014603  9.13774135  9.38695707  9.99351594  9.90109588
 10.20541251 10.5483384  10.30766054]

Somma degli elementi maggiori di 5: 212.9725624453651
